768
775
775
775
768
768
768
768
768
768
768
768
768
768
768
768
768
768
768
768
768
768
768
768
768
768
768
768
768
768
768
768
768
768
768
768
768
768
768
768
768
768
768
768
768
768
768
768
768
768
768
768
768
768
768
768
768
768
768
768
768
768
992
768
719
719
719
719
719
719
719
719
719
719
719
719
719
719
719
719
719
719
719
719
719
719
719
719
719
719
719
719
719
719
719
719
719
711
711
711
711
719
711
771
775
768
768
768
768
768
768
768
768
768
768
768
768
768
768
768
719
719
719
719
719
719
719
719
719
719
719
719
719
719
719
719
711
719
719
719
719
719
719
719
719
768
719
719
719
711
711
711
711
711
711
711
711
711
711
711
711
711
707
711
707
711
711
707
707
711
707
707
707
707
707
707
707
707
707
707
707
707
707
707
707
707
707
707
707
707
707
707
707
707
707
707
707
707
707
707
707
707
707
707
707
771
771
771
768
768
768
768
768
768
768
768
768
768
768
768
768
719
711
711
711
711
711
711
711
711
711
711
711
711
707
711
711
711
707
707
707
707
707
707
707
707
705
707
707
707
707
707
707
707
707
707
707
707
707
707
705
707
705
707
705
707
707
705
705
705
705
705
705
705
705
705
705
705
705
705
705
705
705
705
705
704
705
705
704
704
704
705
704
705
705
705
704
704
705
704
704
704
705
705
705
704
704
705
768
769
769
768
768
768
768
768
768
768
768
768
768
768
768
768
711
707
707
707
707
705
705
705
705
705
705
707
705
704
705
704
705
705
705
705
705
705
704
705
704
705
704
704
705
704
704
704
704
704
704
704
704
704
704
704
704
704
704
704
704
704
704
704
704
704
704
704
704
704
704
704
704
704
704
704
704
704
704
704
704
704
704
704
704
704
704
704
704
704
704
704
704
704
704
704
704
704
704
704
704
704
768
768
768
768
768
768
768
768
768
768
768
768
768
768
768
768
707
705
705
707
704
705
704
705
705
705
704
705
704
705
704
705
705
704
704
704
704
705
704
704
704
704
704
704
704
704
704
704
704
704
704
704
704
704
704
704
704
704
704
704
704
704
704
704
704
704
704
704
704
704
704
704
704
704
704
704
704
704
704
704
704
704
704
704
704
704
704
704
704
704
704
704
704
704
704
704
704
704
704
704
704
704
704
768
768
768
768
768
768
768
768
768
768
768
768
768
768
768
768
705
704
704
704
704
704
704
704
704
704
704
704
704
704
704
704
704
704
704
704
704
704
704
704
704
704
704
704
704
704
704
704
704
704
704
704
704
704
704
704
704
704
704
704
704
704
704
704
704
704
704
704
704
704
704
704
704
704
704
704
704
704
704
704
704
704
704
704
704
704
704
704
704
704
704
704
704
704
704
704
704
704
704
704
704
704
768
768
768
768
768
768
768
768
768
768
768
768
768
768
768
768
705
704
704
704
704
704
704
704
704
704
704
704
704
704
704
704
704
704
704
704
704
704
704
704
704
704
704
704
704
704
704
704
704
704
704
704
704
704
704
704
704
704
704
704
704
704
704
704
704
704
704
704
704
704
704
704
704
704
704
704
704
704
704
704
704
704
704
704
704
704
704
704
704
704
704
704
704
704
704
704
704
704
704
704
704
704
768
768
768
768
768
768
768
768
768
768
768
768
768
768
768
768
705
704
704
704
704
704
704
704
704
704
704
704
704
704
704
704
704
704
704
704
704
704
704
704
704
704
704
704
704
704
704
704
704
704
704
704
704
704
704
704
704
704
704
704
704
704
704
704
704
704
704
704
704
704
704
704
704
704
704
704
704
704
704
704
704
704
704
704
704
704
704
704
704
704
704
704
704
704
704
704
704
704
704
704
704
704
704
769
771
768
768
768
768
719
711
707
707
719
768
768
768
775
574
768
639
670
768
639
711
704
704
704
688
671
671
704
704
711
768
768
496
768
639
639
768
611
704
639
688
671
707
768
783
255
798
638
624
768
540
768
671
639
768
608
705
655
704
711
768
768
448
768
591
671
768
575
711
632
704
639
768
768
798
56
 798
568
638
783
448
768
639
639
704
639
705
768
783
224
799
608
670
769
480
768
591
704
668
704
768
799
799
768
575
799
668
705
775
575
768
639
768
704
771
799
31
 824
527
671
771
463
768
543
704
671
704
775
771
248
799
515
670
775
385
768
543
711
671
768
799
28
 799
384
688
783
319
768
527
704
671
705
775
768
319
799
568
639
771
352
768
543
704
688
768
799
48
 799
352
639
783
255
768
508
768
624
768
799
30
 799
639
639
768
572
704
543
704
655
768
799
28
 799
639
624
771
508
707
543
704
671
707
799
127
775
704
639
816
451
768
671
711
768
783
639
551
768
711
639
796
527
704
639
707
768
824
28
 799
705
448
799
448
639
696
632
768
771
527
455
768
704
480
783
504
608
704
711
768
824
31
 783
771
30
799
639
448
704
671
768
799
480
768
769
608
575
768
639
527
704
768
768
768
255
711
798
199
671
768
432
608
768
769
799
240
639
783
624
540
704
704
543
639
768
799
504
463
719
768
704
504
636
688
668
768
799
704
515
796
768
768
591
704
768
783
799
704
515
768
775
768
688
543
638
768
775
799
705
496
688
768
768
670
415
540
711
771
799
704
455
568
704
769
768
415
504
704
768
799
768
632
508
704
775
768
527
448
639
768
799
769
639
352
639
769
768
632
448
572
768
783
799
704
384
636
768
768
704
399
415
704
768
799
768
512
496
671
771
768
504
432
639
768
775
783
639
352
632
768
768
671
399
504
707
768
799
704
412
575
705
591
671
768
783
816
704
670
671
798
783
451
608
711
711
769
824
496
255
768
769
704
79
 671
704
608
771
828
30
 385
799
768
312
451
768
608
575
816
799
28
 636
828
319
79
 775
670
480
704
828
704
31
 768
824
30
 255
798
504
448
768
828
255
31
 799
824
28
 543
799
432
527
771
830
28
 112
799
799
28
 704
796
312
608
783
830
28
 575
816
783
28
 768
768
255
639
799
828
28
 711
799
768
28
 783
768
384
655
824
816
319
28
 768
769
611
688
824
824
28
 783
799
768
28
 783
639
671
671
828
240
31
 799
799
575
30
 799
540
704
768
828
28
 384
799
799
30
 423
796
504
768
796
828
28
 768
768
771
28
 572
768
480
768
824
711
28
 799
775
768
28
 768
671
655
768
824
240
30
 816
768
670
31
 769
655
688
798
824
30
 483
799
768
399
56
 768
575
719
799
768
28
 705
799
768
248
368
768
639
768
824
671
30
 771
775
704
31
 519
768
639
591
768
816
771
639
31
 768
768
768
824
771
31
 711
799
768
639
31
 688
768
768
824
775
30
 768
775
768
639
31
 639
768
711
824
783
28
 696
775
768
704
31
 515
768
719
824
799
28
 575
799
711
711
193
127
768
768
799
816
30
 224
799
768
704
543
56
 711
783
783
816
255
31
 783
796
639
560
96
 448
769
783
799
543
30
 671
799
704
451
255
352
707
798
799
414
30
 632
798
768
608
352
448
768
799
816
705
31
 560
796
575
671
798
824
824
639
35
 636
799
783
639
432
543
768
824
824
511
31
 639
783
768
575
414
543
771
824
775
31
 96
 768
775
704
504
319
639
816
824
543
30
 591
775
768
624
252
448
783
824
768
30
 124
768
783
707
240
63
 768
824
824
195
30
 704
799
768
415
30
 608
816
828
671
28
 316
799
798
568
30
 255
798
828
799
28
 30
 799
816
639
30
 31
 768
824
828
255
28
 768
824
704
143
28
 704
799
824
783
28
 515
799
816
768
830
768
28
 824
771
768
96
 71
 799
671
824
768
28
 783
783
769
199
156
783
543
824
816
28
 688
783
783
31
 224
775
512
799
824
28
 496
799
768
30
 176
769
519
783
824
28
 195
824
783
207
192
783
448
768
828
624
28
 799
769
252
31
 775
496
768
828
504
31
 799
783
31
 31
 796
432
671
824
711
28
 799
816
575
30
 783
540
704
828
480
28
 799
824
415
56
 799
368
671
824
824
28
 799
796
575
28
 799
671
828
824
639
28
 828
31
 671
775
831
24
 768
816
775
28
 828
30
 483
707
830
24
 448
828
798
24
 816
609
158
704
830
28
 28
 828
799
28
 783
768
31
 639
824
828
24
 799
816
96
 60
 828
30
 255
783
828
632
30
 828
671
28
 796
704
31
 636
799
830
28
 768
816
432
28
 828
124
56
 771
799
830
28
 799
768
124
56
 824
30
 176
783
783
824
28
 824
798
30
 511
783
71
 192
796
771
830
28
 798
799
28
 560
783
448
48
 816
828
28
 704
824
671
399
783
783
30
 768
796
768
830
31
 639
828
30
 496
799
56
 156
768
704
783
816
28
 639
828
63
 287
816
240
48
 775
719
783
824
30
 568
828
312
60
 816
543
30
 768
768
768
830
56
 79
 824
480
30
 783
719
30
 639
768
704
824
639
48
 775
796
207
568
783
384
255
707
768
799
768
63
 414
816
768
31
 704
768
304
463
768
775
799
608
31
 707
799
696
432
632
704
671
608
671
775
799
704
575
768
768
771
768
768
711
707
704
707
707
711
711
768
975
719
768
711
707
704
704
696
671
671
688
704
704
704
704
704
704
704
704
704
704
704
704
696
696
671
688
704
704
696
704
704
704
704
704
704
704
696
671
688
696
688
688
688
688
696
704
696
704
704
704
704
704
688
671
671
688
688
671
688
696
688
688
704
704
704
704
704
704
671
688
688
671
671
688
671
688
704
704
704
704
704
704
704
655
624
671
704
655
655
768
704
624
705
799
828
352
30
 799
816
48
 414
824
768
31
 719
768
768
824
448
28
 799
799
31
 639
799
63
 48
 768
704
704
824
608
30
 798
798
28
 575
816
30
 31
 771
671
591
816
769
28
 632
824
368
316
799
511
56
 768
639
510
783
830
28
 31
 828
707
28
 799
816
28
 632
775
508
639
828
768
28
 768
816
31
 543
824
120
159
783
508
496
775
828
30
 112
824
639
28
 798
798
28
 704
783
252
568
799
824
28
 608
824
824
224
707
824
352
255
816
707
28
 775
768
287
704
799
816
248
319
783
705
355
768
771
195
608
768
463
636
768
799
824
63
 639
816
248
480
799
519
63
 768
670
415
704
799
799
60
 671
799
387
353
783
655
195
768
705
352
671
768
768
799
195
671
799
319
568
799
551
79
 771
639
255
711
768
768
799
432
639
799
455
480
798
608
319
768
639
448
704
711
705
783
824
31
 671
816
195
575
799
448
496
768
568
504
632
768
824
574
575
799
575
591
768
704
704
768
799
824
63
 768
799
79
 696
799
384
639
775
448
575
768
670
609
768
783
799
63
 975
783
248
704
783
448
639
771
480
591
719
670
611
768
783
783
248
768
771
255
707
783
480
632
775
496
572
768
639
632
707
768
771
480
591
768
688
542
768
768
568
705
704
568
671
671
655
639
768
768
775
448
711
769
504
639
768
632
608
768
608
608
704
639
639
671
768
768
775
480
704
798
775
711
707
768
704
704
768
768
768
783
624
719
783
639
696
768
671
624
768
671
608
705
671
639
696
707
711
768
769
540
704
768
574
671
768
639
639
768
639
624
705
671
639
696
704
711
768
768
575
639
768
670
639
768
704
639
711
705
611
704
704
639
671
704
704
704
768
768
568
704
768
624
671
768
655
639
768
670
639
704
688
655
704
704
688
704
768
768
768
639
704
768
639
704
768
639
671
705
655
670
704
768
769
768
768
768
768
768
768
768
768
768
768
768
768
768
768
768
707
671
707
707
671
704
711
671
704
719
688
704
711
704
696
707
704
696
704
704
704
704
704
704
704
704
704
704
704
704
704
704
704
704
704
704
704
704
704
704
704
704
704
704
704
704
704
704
704
704
704
704
704
704
704
704
704
704
704
704
704
704
704
704
704
704
704
704
704
704
704
704
704
704
704
704
704
704
704
704
688
704
704
704
704
704
768
768
768
768
768
768
768
768
768
768
768
768
768
768
768
768
704
704
704
704
704
704
704
704
704
704
704
704
704
704
704
704
704
704
704
704
704
704
704
704
704
704
704
704
704
704
704
704
704
704
704
704
704
704
704
704
704
704
704
704
704
704
704
704
704
704
704
704
704
704
704
704
704
704
704
704
704
704
704
704
704
704
704
704
704
704
704
704
704
704
704
704
704
704
704
704
704
704
704
704
704
704
768
768
768
768
768
768
768
768
768
768
768
768
768
768
768
768
704
704
704
704
704
704
704
704
704
704
704
704
704
704
704
704
704
704
704
704
704
704
704
704
704
704
704
704
704
704
704
704
704
704
704
704
704
704
704
704
704
704
704
704
704
704
704
704
704
704
704
704
704
704
704
704
704
704
704
704
704
704
704
704
704
704
704
704
704
704
704
704
704
704
704
704
704
704
704
704
704
704
704
704
704
704
768
768
768
768
768
768
768
768
768
768
768
768
768
768
768
768
704
704
704
704
704
704
704
704
704
704
704
704
704
704
704
704
704
704
704
704
704
704
704
704
704
704
704
704
704
704
704
704
704
704
704
704
704
704
704
704
704
704
704
704
704
704
704
704
704
704
704
704
704
704
704
704
704
704
704
704
704
704
704
704
704
704
704
704
704
704
704
704
704
704
704
704
704
704
704
704
704
704
704
704
704
704
704
768
768
768
768
768
768
768
768
768
768
768
768
768
768
768
768
704
704
704
704
704
704
704
704
704
704
704
704
704
704
704
704
704
704
704
704
704
704
704
704
704
704
704
704
704
704
704
704
704
704
704
704
704
704
704
704
704
704
704
704
704
704
704
704
704
704
704
704
704
704
704
704
704
704
704
704
704
704
704
704
704
704
704
704
704
704
704
704
704
704
704
704
704
704
704
704
704
704
704
704
704
704
768
768
768
768
768
768
768
768
768
768
768
768
768
768
768
768
704
704
704
704
704
704
704
704
704
704
704
704
704
704
704
704
704
704
704
704
704
704
704
704
704
704
704
704
704
704
704
704
704
704
704
704
704
704
704
704
704
704
704
704
704
704
704
704
704
704
704
704
704
704
704
704
704
704
704
704
704
704
704
704
704
704
704
704
704
704
704
704
704
704
704
704
704
704
704
704
704
704
704
704
704
704
704
768
768
768
768
768
768
768
768
768
768
768
768
768
768
768
768
704
704
704
704
704
704
704
704
704
704
704
704
704
704
704
704
704
704
704
704
704
704
704
704
704
704
704
704
704
704
704
704
704
704
704
704
704
704
704
704
704
704
704
704
704
704
704
704
704
704
704
704
704
704
704
704
704
704
704
704
704
704
704
704
704
704
704
704
704
704
704
704
704
704
704
704
704
704
704
704
704
704
704
704
704
704
768
768
768
768
768
768
768
768
768
768
768
768
768
768
768
768
704
704
704
704
704
704
704
704
704
704
704
704
704
704
704
704
704
704
704
704
704
704
704
704
704
704
704
704
704
704
704
704
704
704
704
704
704
704
704
704
704
704
704
704
704
704
704
704
704
704
704
704
704
704
704
704
704
704
704
704
704
704
704
704
704
704
704
704
704
704
704
704
704
704
704
704
704
704
704
704
704
704
704
704
704
704
768
768
768
768
768
768
768
768
768
768
768
768
768
768
768
768
704
704
704
704
704
704
704
704
704
704
704
704
704
704
704
704
704
704
704
704
704
704
704
704
704
704
704
704
704
704
704
704
704
704
704
704
704
704
704
704
704
704
704
704
704
704
704
704
704
704
704
704
704
704
704
704
704
704
704
704
704
704
704
704
704
704
704
704
704
704
704
704
704
704
704
704
704
704
704
704
704
704
704
704
704
704
704
768
768
768
768
768
768
768
768
768
768
768
768
768
768
768
768
704
704
704
704
704
704
704
704
704
704
704
704
704
704
704
704
704
704
704
704
704
704
704
704
704
704
704
704
704
704
704
704
704
704
704
704
704
704
704
704
704
704
704
704
704
704
704
704
704
704
704
704
704
704
704
704
704
704
704
704
704
704
704
704
704
704
704
704
704
704
704
704
704
704
704
704
704
704
704
704
704
704
704
704
704
704
768
768
768
768
768
768
768
768
768
768
768
768
768
768
768
768
704
704
704
704
704
704
704
704
704
704
704
704
704
704
704
704
704
704
704
704
704
704
704
704
704
704
704
704
704
704
704
704
704
704
704
704
704
704
704
704
704
704
704
704
704
704
704
704
704
704
704
704
704
704
704
704
704
704
704
704
704
704
704
704
704
704
704
704
704
704
704
704
704
704
704
704
704
704
704
704
704
704
704
704
704
704
704
768
768
768
768
768
768
768
768
768
768
768
768
768
768
768
768
704
704
704
704
704
704
704
704
704
704
704
704
704
704
704
704
704
704
704
704
704
704
704
704
704
704
704
704
704
704
704
704
704
704
704
704
704
704
704
704
704
704
704
704
704
704
704
704
704
704
704
704
704
704
704
704
704
704
704
704
704
704
704
704
704
704
704
704
704
704
704
704
704
704
704
704
704
704
704
704
704
704
704
704
704
704
768
768
768
768
768
768
768
768
768
768
768
768
768
768
768
768
704
704
704
704
704
704
704
704
704
704
704
704
704
704
704
704
704
704
704
704
704
704
704
704
704
704
704
704
704
704
704
704
704
704
704
704
704
704
704
704
704
704
704
704
704
704
704
704
704
704
704
704
704
704
704
704
704
704
704
704
704
704
704
704
704
704
704
704
704
704
704
704
704
704
704
704
704
704
704
704
704
704
704
704
704
704
768
768
768
768
768
768
768
768
768
768
768
768
768
768
768
768
704
704
704
704
704
704
704
704
704
704
704
704
704
704
704
704
704
704
704
704
704
704
704
704
704
704
704
704
704
704
704
704
704
704
704
704
704
704
704
704
704
704
704
704
704
704
704
704
704
704
704
704
704
704
704
704
704
704
704
704
704
704
704
704
704
704
704
704
704
704
704
704
704
704
704
704
704
704
704
704
704
704
704
704
704
704
704
768
768
768
768
768
768
768
768
768
768
768
768
768
768
768
768
704
704
704
704
704
704
704
704
704
704
704
704
704
704
704
704
704
704
704
704
704
704
704
704
704
704
704
704
704
704
704
704
704
704
704
704
704
704
704
704
704
704
704
704
704
704
704
704
704
704
704
704
704
704
704
704
704
704
704
704
704
704
704
704
704
704
704
704
704
704
704
704
704
704
704
704
704
704
704
704
704
704
704
704
704
704
768
768
768
768
768
768
768
768
768
768
768
768
768
768
768
768
704
704
704
704
704
704
704
704
704
704
704
704
704
704
704
704
704
704
704
704
704
704
704
704
704
704
704
704
704
704
704
704
704
704
704
704
704
704
704
704
704
704
704
704
704
704
704
704
704
704
704
704
704
704
704
704
704
704
704
704
704
704
704
704
704
704
704
704
704
704
704
704
704
704
704
704
704
704
704
704
704
704
704
704
704
704
704
768
768
768
768
768
768
768
768
768
768
768
768
768
768
768
768
704
704
704
704
704
704
704
704
704
704
704
704
704
704
704
704
704
704
704
704
704
704
704
704
704
704
704
704
704
704
704
704
704
704
704
704
704
704
704
704
704
704
704
704
704
704
704
704
704
704
704
704
704
704
704
704
704
704
704
704
704
704
704
704
704
704
704
704
704
704
704
704
704
704
704
704
704
704
704
704
704
704
704
704
704
704
768
768
768
768
768
768
768
768
768
768
768
768
768
768
768
768
704
704
704
704
704
704
704
704
704
704
704
704
704
704
704
704
704
704
704
704
704
704
704
704
704
704
704
704
704
704
704
704
704
704
704
704
704
704
704
704
704
704
704
704
704
704
704
704
704
704
704
704
704
704
704
704
704
704
704
704
704
704
704
704
704
704
704
704
704
704
704
704
704
704
704
704
704
704
704
704
704
704
704
704
704
704
768
768
768
768
768
768
768
768
768
768
768
768
768
768
768
768
704
704
704
704
704
704
704
704
704
704
704
704
704
704
704
704
704
704
704
704
704
704
704
704
704
704
704
704
704
704
704
704
704
704
704
704
704
704
704
704
704
704
704
704
704
704
704
704
704
704
704
704
704
704
704
704
704
704
704
704
704
704
704
704
704
704
704
704
704
704
704
704
704
704
704
704
704
704
704
704
704
704
704
704
704
704
704
768
768
768
768
768
768
768
768
768
768
768
768
768
768
768
768
704
704
704
704
704
704
704
704
704
704
704
704
704
704
704
704
704
704
704
704
704
704
704
704
704
704
704
704
704
704
704
704
704
704
704
704
704
704
704
704
704
704
704
704
704
704
704
704
704
704
704
704
704
704
704
704
704
704
704
704
704
704
704
704
704
704
704
704
704
704
704
704
704
704
704
704
704
704
704
704
704
704
704
704
704
704
768
768
768
768
768
768
768
768
768
768
768
768
768
768
768
768
704
704
704
704
704
704
704
704
704
704
704
704
704
704
704
704
704
704
704
704
704
704
704
704
704
704
704
704
704
704
704
704
704
704
704
704
704
704
704
704
704
704
704
704
704
704
704
704
704
704
704
704
704
704
704
704
704
704
704
704
704
704
704
704
704
704
704
704
704
704
704
704
704
704
704
704
704
704
704
704
704
704
704
704
704
704
704
768
768
768
768
768
768
768
768
768
768
768
768
768
768
768
768
704
704
704
704
704
704
704
704
704
704
704
704
704
704
704
704
704
704
704
704
704
704
704
704
704
704
704
704
704
704
704
704
704
704
704
704
704
704
704
704
704
704
704
704
704
704
704
704
704
704
704
704
704
704
704
704
704
704
704
704
704
704
704
704
704
704
704
704
704
704
704
704
704
704
704
704
704
704
704
704
704
704
704
704
704
704
768
768
768
768
768
768
768
768
768
768
768
768
768
768
768
768
704
704
704
704
704
704
704
704
704
704
704
704
704
704
704
704
704
704
704
704
704
704
704
704
704
704
704
704
704
704
704
704
704
704
704
704
704
704
704
704
704
704
704
704
704
704
704
704
704
704
704
704
704
704
704
704
704
704
704
704
704
704
704
704
704
704
704
704
704
704
704
704
704
704
704
704
704
704
704
704
704
704
704
704
704
704
768
768
768
768
768
768
768
768
768
768
768
768
768
768
768
768
704
704
704
704
704
704
704
704
704
704
704
704
704
704
704
704
704
704
704
704
704
704
704
704
704
704
704
704
704
704
704
704
704
704
704
704
704
704
704
704
704
704
704
704
704
704
704
704
704
704
704
704
704
704
704
704
704
704
704
704
704
704
704
704
704
704
704
704
704
704
704
704
704
704
704
704
704
704
704
704
704
704
704
704
704
704
704
768
768
768
768
768
768
768
768
768
768
768
768
768
768
768
768
704
704
704
704
704
704
704
704
704
704
704
704
704
704
704
704
704
704
704
704
704
704
704
704
704
704
704
704
704
704
704
704
704
704
704
704
704
704
704
704
704
704
704
704
704
704
704
704
704
704
704
704
704
704
704
704
704
704
704
704
704
704
704
704
704
704
704
704
